2 0.49278846153846156 0.3401442307692308 0.08173076923076923 0.09375
2 0.43028846153846156 0.3798076923076923 0.08653846153846154 0.10576923076923077
2 0.171875 0.3545673076923077 0.07451923076923077 0.09375
2 0.5612980769230769 0.3798076923076923 0.06490384615384616 0.0673076923076923
2 0.1045673076923077 0.38341346153846156 0.055288461538461536 0.06490384615384616
2 0.042067307692307696 0.37259615384615385 0.055288461538461536 0.057692307692307696
2 0.6947115384615384 0.33774038461538464 0.03365384615384615 0.036057692307692304
2 0.49399038461538464 0.020432692307692308 0.08413461538461539 0.040865384615384616
2 0.17067307692307693 0.013221153846153846 0.07692307692307693 0.026442307692307692
2 0.6959134615384616 0.007211538461538462 0.036057692307692304 0.014423076923076924
